hjd mag magerr
2457524.075159 19.045 0.295
2457524.085101 18.814 0.226
2457621.989503 17.980 0.317
2457622.004335 17.824 0.230
2457622.011404 17.751 0.222
2457938.077349 20.101 0.353
2457938.101475 20.124 0.377
2457940.102683 20.165 0.321
2457950.088754 19.607 0.350
2457960.039161 20.482 0.315
2457960.048007 20.429 0.336
2457964.037308 16.802 0.017
2457964.043183 16.706 0.017
2457964.051533 16.703 0.017
2457964.060327 16.729 0.017
2457966.011842 17.407 0.036
2457966.021084 17.464 0.039
2457966.022070 17.381 0.039
2457966.029369 17.315 0.033
2457966.033763 17.648 0.042
2457966.037646 17.925 0.052
2457966.042503 17.169 0.047
2457966.046395 16.861 0.024
2457967.990051 17.617 0.075
2457967.999129 17.740 0.035
2457968.003046 18.325 0.072
2457968.013307 17.217 0.035
2457968.014294 17.217 0.028
2457968.026582 17.407 0.042
2457968.032960 17.393 0.129
2457970.003318 17.737 0.071
2457970.013545 17.846 0.078
2457970.027336 17.877 0.052
2457970.034644 17.833 0.059
2457970.040578 17.923 0.066
2457972.995542 18.068 0.225
2457972.996998 18.008 0.170
2457973.014438 18.386 0.218
2457975.011230 18.957 0.233
2457975.020600 18.909 0.237
2457975.021114 19.191 0.279
2457975.032991 19.266 0.338
2457979.004758 19.601 0.266
2457979.024516 19.952 0.363
2457980.986029 19.955 0.190
2457980.996264 20.264 0.334
2457980.996747 20.161 0.303
2457982.993963 19.747 0.251
2457990.988352 19.964 0.367
2457990.988855 19.899 0.338
2457992.969991 20.188 0.300
2457992.981011 19.738 0.189
2457992.987785 20.287 0.332
2457993.002142 20.213 0.298
2457997.001266 19.936 0.202
2457997.010501 19.985 0.247
2458010.915901 19.636 0.240
2458010.926960 19.820 0.305
2458010.932111 20.122 0.333
2458014.904598 19.912 0.300
2458014.912559 19.996 0.282
2458022.894492 19.595 0.248
2458022.895439 19.629 0.286
2458026.942295 19.764 0.363
2458036.905479 19.828 0.297
2458040.910353 20.134 0.360
2458040.915759 19.677 0.254
2458042.886593 19.933 0.342
2458056.890165 19.858 0.329
2458066.846813 19.848 0.322
2458070.875479 19.940 0.354
2458074.841451 19.967 0.347
2458096.758640 20.210 0.305
2458128.739700 20.216 0.372
2458130.744710 19.313 0.266
2458143.728654 19.390 0.315
2458147.711532 17.801 0.316
2458147.714334 17.763 0.322
2458299.059962 19.611 0.363
2458311.071393 20.283 0.379
2458321.035226 20.132 0.296
2458321.044140 17.484 0.328
2458325.034935 19.932 0.364
2458329.017246 19.265 0.280
2458335.045379 19.835 0.317
2458339.008778 19.669 0.291
2458348.988831 20.377 0.357
2458348.996201 20.424 0.360
2458368.949733 19.926 0.324
2458368.960843 19.973 0.309
2458374.939128 20.041 0.311
2458378.948873 20.075 0.378
2458386.930410 18.242 0.218
2458386.940543 18.060 0.177
2458386.949196 18.125 0.194
2458386.959788 18.028 0.173
2458392.896519 19.918 0.185
2458412.879891 19.784 0.321
2458412.885147 19.275 0.227
2458414.862941 19.082 0.260
2458430.837169 20.006 0.315
2458438.812919 19.506 0.285
2458452.783256 20.190 0.359
2458452.791127 20.289 0.373
2458458.768277 19.901 0.319
2458458.776120 19.970 0.361
2458480.734831 19.897 0.314
2458508.721486 19.875 0.375
2458510.704002 17.208 0.330
2458510.706769 17.025 0.149
2458510.710530 16.788 0.066
2458510.711912 16.901 0.052
2458510.717030 16.823 0.036
2458510.718870 16.818 0.029
2458645.036274 20.316 0.291
2458645.040016 20.342 0.342
2458645.050387 20.240 0.320
2458663.059498 19.471 0.323
2458679.059984 19.651 0.372
2458684.964044 19.886 0.357
2458695.046557 19.999 0.332
2458703.073391 19.798 0.268
2458723.033913 20.432 0.338
2458723.036801 20.298 0.272
2458723.042548 20.023 0.260
2458723.052450 20.295 0.327
2458726.970925 20.442 0.293
2458726.990796 19.836 0.230
2458730.982196 20.210 0.324
2458730.985447 19.871 0.289
2458730.990982 20.315 0.336
2458732.936853 20.240 0.238
2458732.941158 20.066 0.208
2458732.946460 20.252 0.248
2458732.957531 20.584 0.368
2458736.917168 19.680 0.255
2458743.939334 19.699 0.334
2458748.944926 19.995 0.246
2458748.950940 19.598 0.190
2458750.951752 20.180 0.327
2458754.870216 17.185 0.027
2458754.873438 17.696 0.053
2458754.879885 17.353 0.026
2458754.882650 17.131 0.024
2458754.885872 17.057 0.024
2458754.890942 17.031 0.020
2458754.892320 16.985 0.022
2458754.903380 16.994 0.019
2458758.854606 17.314 0.033
2458758.857829 17.361 0.038
2458758.864289 17.326 0.029
2458758.867511 17.437 0.031
2458758.870732 17.425 0.029
2458758.874413 17.487 0.031
2458758.876713 17.439 0.031
2458758.887774 17.933 0.042
2458762.878776 17.902 0.044
2458762.882009 17.889 0.041
2458762.888979 17.831 0.045
2458762.900980 17.968 0.045
2458764.844372 17.917 0.046
2458764.847621 18.025 0.063
2458764.854139 18.050 0.068
2458764.864271 18.120 0.067
2458772.951403 19.692 0.350
2458772.961637 19.077 0.310
2458773.914528 19.967 0.303
2458774.842987 20.038 0.307
2458774.854532 19.708 0.212
2458775.839120 19.595 0.212
2458775.844470 19.506 0.195
2458778.861432 20.380 0.314
2458778.864358 20.121 0.311
2458778.879998 19.262 0.200
2458792.789575 20.208 0.365
2458792.809972 19.723 0.233
2458794.873938 19.537 0.281
2458802.824901 18.102 0.067
2458802.828627 18.145 0.083
2458802.833844 18.077 0.067
2458802.844437 17.854 0.044
2458814.765682 20.006 0.265
2458814.768943 20.409 0.291
2458830.736771 20.039 0.377
2458846.713719 20.341 0.290
2458850.719408 20.148 0.334
2458866.720650 19.539 0.198
2458866.724020 19.319 0.266
2458866.730249 20.239 0.308
2458874.730264 20.007 0.366
2458967.093723 19.616 0.364
2458991.078908 19.456 0.186
2458991.083060 19.399 0.165
2458991.102464 19.494 0.164
2458991.111719 19.547 0.190
2458999.100015 20.281 0.349
2459003.097557 20.544 0.365
2459003.106475 20.298 0.330
2459011.081764 19.614 0.261
2459011.109811 19.817 0.318
2459012.084518 19.737 0.314
2459015.070013 19.943 0.368
2459015.093628 19.968 0.322
2459016.101550 19.895 0.229
2459027.010323 19.534 0.182
2459027.014479 20.259 0.342
2459027.021391 19.936 0.216
2459031.051344 20.217 0.317
2459031.056903 20.218 0.301
2459035.037754 19.476 0.311
2459043.032292 20.286 0.345
2459051.012578 20.055 0.234
2459051.018128 20.318 0.322
2459055.041121 19.931 0.281
2459055.049457 20.159 0.297
2459055.083198 20.113 0.254
2459058.965422 19.553 0.168
2459058.968650 19.467 0.147
2459058.972344 19.627 0.208
2459058.997532 19.579 0.198
2459060.975019 19.878 0.377
2459070.928127 19.723 0.246
2459070.930903 19.580 0.241
2459074.988910 20.083 0.236
2459075.003715 20.259 0.312
2459075.005095 20.215 0.286
2459086.911076 20.081 0.231
2459086.912918 20.302 0.340
2459086.920752 20.131 0.298
2459090.926058 19.555 0.188
2459092.992222 19.425 0.375
2459096.879624 19.490 0.306
2459098.911604 19.816 0.297
2459098.954869 19.612 0.282
2459100.928840 19.723 0.298
2459102.933032 20.202 0.339
2459106.910137 19.926 0.241
2459106.913421 20.090 0.228
2459106.918961 20.156 0.225
2459106.942001 19.716 0.211
2459118.873924 19.899 0.284
2459118.882684 19.720 0.211
2459120.924429 19.717 0.306
2459120.930863 19.650 0.349
2459121.887517 18.206 0.081
2459121.900512 17.999 0.088
2459121.906044 18.028 0.076
2459121.915097 17.895 0.084
2459122.906385 19.101 0.245
2459122.909629 18.362 0.106
2459122.917021 17.763 0.057
2459122.932706 17.726 0.072
2459123.946278 18.300 0.217
2459123.953268 18.077 0.189
2459123.956948 18.279 0.214
2459123.991721 18.157 0.269
2459125.882759 19.750 0.360
2459125.918348 19.516 0.297
2459129.963913 19.981 0.337
2459130.887180 20.143 0.314
2459130.890401 20.430 0.350
2459130.911251 20.308 0.338
2459143.798359 20.206 0.358
2459144.800311 20.253 0.368
2459146.863292 20.322 0.352
2459170.791169 20.281 0.330
2459170.799982 20.034 0.312
2459178.780566 19.774 0.282
2459180.781296 19.478 0.326
2459182.753259 19.606 0.331
2459184.756070 18.749 0.307
2459187.859158 19.155 0.375
2459190.736839 19.913 0.229
2459190.742390 19.690 0.187
2459343.095122 20.131 0.321
2459351.043221 20.063 0.340
2459359.095013 20.027 0.278
2459359.103607 20.134 0.304
2459363.113326 19.786 0.328
2459369.073043 19.430 0.253
2459373.076368 19.899 0.283
2459373.085715 19.967 0.313
2459373.102168 19.581 0.217
2459377.083377 20.134 0.330
2459377.108512 20.149 0.363
2459385.014923 19.761 0.275
2459385.030115 20.129 0.291
2459385.040433 20.165 0.268
2459385.049620 20.047 0.270
2459387.074803 17.485 0.034
2459387.078960 17.392 0.032
2459387.102983 17.619 0.046
2459387.105773 18.002 0.054
2459389.037494 18.587 0.124
2459389.042998 18.604 0.129
2459389.046198 18.555 0.125
2459389.054461 20.153 0.231
2459389.056761 18.520 0.121
2459391.047313 19.206 0.255
2459395.052862 19.676 0.241
2459399.039522 20.226 0.297
2459399.047361 20.226 0.345
2459403.045221 19.784 0.188
2459403.052134 20.210 0.299
2459410.981168 20.200 0.280
2459410.984460 20.094 0.357
2459415.021280 19.933 0.306
2459415.026812 19.583 0.300
2459422.884835 19.865 0.333
2459422.928354 19.504 0.293
2459424.961269 19.210 0.301
2459424.991399 19.626 0.297
2459424.993229 19.759 0.319
2459427.052653 19.532 0.191
2459427.055472 20.111 0.249
2459427.060589 20.123 0.308
2459428.885073 19.610 0.264
2459428.897763 19.486 0.241
2459432.885152 20.229 0.343
2459432.891594 19.415 0.158
2459432.898391 19.621 0.217
2459436.905285 20.007 0.283
2459440.905933 20.237 0.317
2459440.909203 20.071 0.316
2459444.903441 19.935 0.269
2459446.923249 19.682 0.274
2459451.085933 19.712 0.375
2459451.096563 19.614 0.319
2459452.899964 19.260 0.264
2459454.981026 19.779 0.208
2459454.990338 20.257 0.378
2459455.023762 19.425 0.180
2459458.892750 19.999 0.205
2459458.904653 20.012 0.199
2459462.875579 20.348 0.269
2459462.878340 20.605 0.333
2459462.882023 20.105 0.249
2459462.894974 20.057 0.258
2459466.946367 19.823 0.298
2459472.941087 20.022 0.374
2459478.994718 19.051 0.364
2459479.942856 18.995 0.184
2459486.916905 19.584 0.247
2459489.028246 19.855 0.354
2459489.042140 19.870 0.372
2459490.914715 19.634 0.270
2459492.886419 19.329 0.196
2459494.847837 20.049 0.351
2459494.857975 19.994 0.335
2459500.875338 19.846 0.270
2459500.884529 19.808 0.254
2459504.847462 19.849 0.362
2459504.850667 19.685 0.339
2459506.891330 18.958 0.316
2459506.904269 19.109 0.291
2459507.926210 17.569 0.115
2459507.929976 17.666 0.118
2459507.935472 17.658 0.110
2459507.948099 17.631 0.112
2459508.890857 17.012 0.050
2459508.894537 16.720 0.035
2459508.900963 16.728 0.043
2459508.917948 16.612 0.035
2459509.853283 16.885 0.038
2459509.875131 17.009 0.043
2459509.875591 16.803 0.040
2459509.894337 16.937 0.043
2459509.898024 16.733 0.038
2459509.898484 16.649 0.036
2459510.813243 16.953 0.046
2459510.816473 16.964 0.042
2459510.816935 17.001 0.042
2459510.822016 17.104 0.049
2459510.833087 17.166 0.044
2459510.833548 17.091 0.050
2459511.848213 17.023 0.032
2459511.851424 17.073 0.031
2459511.877144 17.219 0.042
2459511.882680 17.220 0.038
2459512.814637 17.435 0.035
2459512.817838 18.548 0.111
2459512.824252 17.382 0.035
2459512.834795 17.131 0.030
2459513.889260 17.450 0.044
2459513.892977 17.137 0.034
2459513.905631 17.135 0.035
2459513.913463 17.326 0.041
2459514.826147 16.894 0.026
2459514.829371 16.749 0.023
2459514.836314 16.683 0.023
2459514.847404 16.973 0.027
2459518.804038 18.525 0.106
2459518.807259 18.004 0.072
2459518.813270 18.127 0.082
2459518.823439 18.067 0.068
2459522.825896 19.811 0.375
2459522.849490 19.899 0.370
2459526.779630 19.853 0.356
2459526.785167 19.849 0.299
2459526.795307 19.755 0.322
2459530.815449 19.484 0.328
2459530.818686 19.515 0.244
2459530.825146 19.330 0.287
2459541.753387 19.798 0.351
2459542.766093 19.937 0.358
2459542.772092 19.647 0.241
2459542.786849 20.021 0.317
2459543.780617 19.786 0.261
2459543.811067 20.101 0.356
2459544.746362 19.780 0.268
2459544.751870 19.638 0.211
2459544.766149 20.203 0.304
2459546.815971 19.732 0.330
2459562.814630 19.177 0.355
2459574.712898 19.946 0.336
2459588.743399 19.698 0.285
2459602.735211 19.848 0.378
2459710.110753 19.544 0.307
2459734.067429 19.869 0.310
2459738.080559 19.631 0.260
2459738.085627 19.729 0.292
2459752.012429 19.823 0.345
2459752.015950 19.522 0.259
2459762.013212 19.701 0.321
2459766.021597 20.051 0.360
2459766.034317 19.988 0.362
2459770.029318 19.432 0.205
2459770.033881 19.929 0.310
2459771.048163 20.046 0.315
2459772.012536 16.974 0.105
2459772.017970 17.251 0.112
2459772.021147 17.722 0.188
2459772.040881 17.412 0.186
2459773.940625 17.383 0.088
2459773.948831 17.004 0.057
2459773.970846 16.677 0.039
2459773.983491 17.154 0.052
2459778.055395 17.501 0.052
2459778.061332 17.603 0.070
2459778.065449 17.775 0.078
2459778.076630 17.701 0.068
2459778.123277 17.634 0.128
2459779.058246 17.258 0.046
2459779.080942 17.516 0.048
2459779.109714 17.309 0.050
2459779.126439 17.013 0.060
2459780.078789 17.671 0.053
2459780.080145 17.762 0.058
2459780.081953 17.816 0.057
2459780.083310 17.724 0.046
2459780.089357 18.191 0.107
2459780.090719 17.822 0.055
2459780.106443 17.872 0.055
2459780.108732 17.922 0.051
2459780.127260 17.847 0.131
2459784.005120 18.910 0.118
2459784.007852 19.139 0.135
2459784.011473 19.198 0.139
2459784.016915 19.103 0.141
2459786.028217 19.622 0.276
2459788.036194 19.799 0.284
2459788.068485 19.822 0.303
2459788.993386 19.727 0.249
2459793.975239 19.563 0.264
2459793.990756 19.971 0.377
2459799.945934 19.269 0.273
2459799.956802 19.550 0.332
2459801.010855 19.626 0.364
2459801.014499 19.624 0.368
2459801.020523 19.632 0.320
2459804.034151 18.914 0.300
2459806.001990 19.692 0.364
2459808.004515 19.174 0.209
2459809.030964 19.585 0.325
2459809.916487 19.957 0.361
2459809.942519 19.473 0.254
2459811.986135 19.757 0.218
2459811.990220 19.803 0.333
2459811.996104 20.045 0.361
2459812.031364 19.990 0.345
2459812.965093 19.941 0.321
2459812.967973 19.712 0.228
2459812.977920 19.833 0.310
2459812.984802 19.778 0.252
2459817.974675 19.904 0.343
2459819.950791 19.547 0.221
2459819.954029 19.644 0.267
2459820.926275 19.542 0.263
2459821.984139 20.031 0.320
2459823.952974 19.791 0.311
2459823.959737 19.629 0.261
2459823.993282 19.637 0.290
2459825.966796 19.730 0.269
2459836.906419 19.147 0.198
2459836.912543 19.299 0.248
2459836.922482 19.649 0.353
2459839.849583 19.778 0.323
2459839.900147 19.863 0.269
2459839.905225 20.293 0.357
2459839.922041 19.740 0.253
2459841.936612 20.350 0.367
2459841.960334 19.912 0.243
2459842.917426 19.655 0.265
2459849.904597 20.055 0.223
2459849.939514 20.118 0.335
2459851.894350 19.616 0.220
2459851.897585 19.784 0.271
2459851.904825 19.789 0.244
2459855.848170 20.201 0.329
2459855.851817 19.947 0.292
2459855.883658 20.277 0.326
2459855.889201 20.094 0.273
2459857.969727 19.627 0.358
2459859.892431 14.850 0.117
2459862.916796 17.094 0.225
2459863.840258 16.687 0.076
2459863.871077 19.500 0.368
2459863.874311 19.201 0.243
2459864.909108 19.596 0.325
2459866.976171 19.390 0.231
2459867.866931 19.500 0.262
2459867.870562 19.981 0.362
2459867.877391 19.701 0.296
2459867.888292 19.522 0.294
2459867.889626 19.601 0.232
2459867.909786 19.307 0.195
2459868.868167 19.605 0.208
2459868.871413 19.995 0.298
2459869.822940 18.056 0.044
2459869.825713 18.186 0.051
2459869.832190 18.114 0.046
2459869.866852 19.257 0.134
2459871.750917 19.911 0.268
2459871.755536 19.456 0.163
2459871.761543 18.641 0.089
2459872.874955 19.888 0.279
2459872.878682 19.604 0.177
2459872.897566 20.063 0.287
2459872.912873 19.302 0.162
2459875.829383 19.748 0.219
2459875.832616 19.709 0.223
2459875.839080 19.851 0.271
2459875.863294 20.021 0.299
2459876.794033 19.638 0.231
2459876.796832 19.842 0.256
2459876.809606 20.034 0.305
2459876.824209 20.307 0.371
2459877.811223 19.942 0.252
2459877.830636 20.355 0.362
2459879.795069 19.479 0.205
2459881.842650 19.652 0.220
2459881.846346 20.082 0.264
2459881.859872 19.971 0.305
2459883.807128 20.027 0.367
2459883.832696 20.174 0.319
2459883.838155 20.079 0.355
2459885.785347 19.579 0.327
2459889.811045 18.582 0.311
2459893.824759 19.507 0.258
2459895.749945 19.699 0.249
2459896.813334 19.612 0.240
2459897.706854 19.759 0.256
2459897.708662 19.795 0.221
2459897.712278 19.852 0.266
2459897.717701 19.934 0.311
2459899.802707 20.245 0.354
2459907.793988 19.834 0.273
2460087.093088 19.903 0.268
2460087.093994 19.686 0.295
2460087.099687 19.724 0.255
2460087.102069 19.841 0.258
2460087.106518 19.875 0.328
2460095.102306 20.108 0.375
2460096.065363 20.219 0.365
2460096.113288 19.827 0.333
2460100.102859 19.222 0.366
2460107.056873 19.890 0.379
2460132.030565 19.525 0.286
2460135.045420 19.378 0.209
2460135.049053 19.335 0.265
2460139.052694 19.554 0.319
2460157.973949 19.359 0.306
2460159.044786 19.327 0.293
2460159.962119 19.324 0.256
2460161.963438 19.650 0.334
2460163.043543 19.755 0.358
2460179.849561 19.898 0.356
2460179.858162 19.466 0.222
2460183.966239 19.372 0.247
2460186.934342 16.011 0.039
2460186.964996 18.472 0.151
2460187.926086 15.698 0.039
2460191.942110 20.036 0.290
2460212.880814 17.852 0.064
2460212.884439 17.803 0.052
2460212.890529 17.867 0.063
2460212.904133 19.356 0.266
2460213.874539 18.473 0.147
2460213.879979 18.806 0.170
2460213.883142 18.886 0.166
2460213.893093 19.017 0.174
2460214.883418 19.451 0.329
2460239.861123 19.586 0.277
2460240.845531 19.982 0.303
2460244.854200 19.164 0.309
2460250.855155 19.655 0.256
2460251.906887 17.659 0.047
2460251.910666 18.524 0.101
2460251.920311 17.377 0.044
2460251.930341 17.526 0.049
2460266.789625 19.853 0.338
2460266.794871 19.300 0.175
2460267.825838 19.749 0.336
2460268.809410 19.551 0.335
2460272.849016 19.523 0.361
2460284.720977 19.786 0.281
2460284.756709 19.805 0.293
2460289.793501 20.052 0.350
2460289.796418 19.877 0.346
2460306.765271 19.199 0.365
2460306.768452 18.932 0.323
